The following just fit. The bounding box of the data for these measurements is
[-9.3, 9.3, -16.1, 16.1, -0.8660254037844386, 0.8660254037844388].

elevation aspect_ratio xy_ratio
72        0.85         0.001
46        0.85         1.0
37        0.85         1.3
28        0.85         1.95

37        0.5          1.3
37        0.85         1.3
43        1.0          1.3
49        1.15         1.3
62        1.5          1.3
80        2.0          1.3
118       3.0          1.3

32        0.5          1.5
34        0.85         1.5
39        1.0          1.5
44        1.15         1.5
56        1.5          1.5
73        2.0          1.5
108       3.0          1.5

24        0.5          1.95
28        0.85         1.95
32        1.0          1.95
37        1.15         1.95
46        1.5          1.95
61        2.0          1.95
89        3.0          1.95
